1.000000000000000056e-01 1.997701115748063971e+00
2.000000000000000111e-01 2.164068863087400096e+00
2.999999999999999889e-01 2.665063158564570767e+00
4.000000000000000222e-01 3.188085387191896825e+00
5.000000000000000000e-01 4.794851417494427004e+00
5.999999999999999778e-01 4.082121095392875709e+00
6.999999999999999556e-01 1.968599085686214334e+00
8.000000000000000444e-01 1.644443819943444351e+00
9.000000000000000222e-01 1.291418763724486940e+00
1.000000000000000000e+00 1.000000000000000000e+00
