1.000000000000000056e-01 6.510094862711472530e+00
2.000000000000000111e-01 3.941210897022993542e+00
2.999999999999999889e-01 3.049955242050324866e+00
4.000000000000000222e-01 2.277306787923071507e+00
5.000000000000000000e-01 2.029877748920741354e+00
5.999999999999999778e-01 1.864941205065851371e+00
6.999999999999999556e-01 1.626502276233670496e+00
8.000000000000000444e-01 1.395421079895539540e+00
9.000000000000000222e-01 1.171301032073366333e+00
1.000000000000000000e+00 1.000000000000000000e+00
