1.000000000000000056e-01 4.547731207689134969e+00
2.000000000000000111e-01 7.050349179551627543e+00
2.999999999999999889e-01 4.815514903030400973e+00
4.000000000000000222e-01 3.429829449376178729e+00
5.000000000000000000e-01 3.412324383487389312e+00
5.999999999999999778e-01 3.212256781058699495e+00
6.999999999999999556e-01 2.964955650089159178e+00
8.000000000000000444e-01 2.506958232331366165e+00
9.000000000000000222e-01 2.216230714633756982e+00
1.000000000000000000e+00 1.000000000000000000e+00
