1.000000000000000056e-01 1.343383697993305148e+00
2.000000000000000111e-01 1.508016269845261492e+00
2.999999999999999889e-01 1.971686771207004529e+00
4.000000000000000222e-01 1.303789171787031798e+00
5.000000000000000000e-01 9.264702958964861068e-01
5.999999999999999778e-01 8.595641933092340592e-01
6.999999999999999556e-01 8.563611841624111376e-01
8.000000000000000444e-01 8.966801632534519007e-01
9.000000000000000222e-01 9.912626307901425404e-01
1.000000000000000000e+00 1.000000000000000000e+00
