1.000000000000000056e-01 1.235735871318168533e+00
2.000000000000000111e-01 1.600696593345214191e+00
2.999999999999999889e-01 1.843793576077683793e+00
4.000000000000000222e-01 3.297922473074460292e+00
5.000000000000000000e-01 3.329637871238718017e+00
5.999999999999999778e-01 1.876682452443839688e+00
6.999999999999999556e-01 1.348442135181157076e+00
8.000000000000000444e-01 1.127041572181267215e+00
9.000000000000000222e-01 1.087107226205225485e+00
1.000000000000000000e+00 1.000000000000000000e+00
